train image-label pair: 500
test image-label pair: 100
epoch # train_loss ### train_accuracy # test_loss ### eval_accuracy
1 |  0.24977616161108018 |  0.5160 |  0.25073722600936887 |  0.4700
2 |  0.24977522224187851 |  0.5160 |  0.25074260711669921 |  0.4700
3 |  0.24977574825286866 |  0.5160 |  0.25074665769934656 |  0.4700
4 |  0.24977551639080048 |  0.5160 |  0.25074517950415609 |  0.4700
5 |  0.24977401316165923 |  0.5160 |  0.25074792608618734 |  0.4700
6 |  0.24977436423301697 |  0.5160 |  0.25075315937399867 |  0.4700
7 |  0.24977425605058670 |  0.5160 |  0.25075100526213645 |  0.4700
