train image-label pair: 500
test image-label pair: 100
epoch # train_loss ### train_accuracy # test_loss ### eval_accuracy
1 |  0.25924693793058395 |  0.5020 |  0.25851205497980118 |  0.4400
2 |  0.25345869690179823 |  0.4920 |  0.24380691200494767 |  0.5400
3 |  0.25172176808118818 |  0.4880 |  0.23845378607511519 |  0.6600
4 |  0.25081699341535568 |  0.5020 |  0.23900486022233963 |  0.6600
5 |  0.25075960457324981 |  0.4980 |  0.23836456164717673 |  0.6600
6 |  0.25071294605731964 |  0.4920 |  0.23895915120840072 |  0.6600
7 |  0.25058686465024949 |  0.4940 |  0.23892048254609108 |  0.6600
